9: (3, 1) (5, 190) (2, 9) (4, 7)
10: (3, 1) (5, 190) (2, 9) (7, 50)
11: (3, 1) (5, 192) (7, 51) (4, 7)
15: (3, 1) (2, 9) (7, 49) (4, 7)
16: (3, 1) (5, 296) (2, 9) (7, 49) (4, 7)
17: (3, 1) (2, 9) (7, 49) (4, 7)
18: (3, 1) (2, 9) (7, 49) (4, 7)
19: (3, 1) (2, 9) (7, 49) (4, 7)
20: (3, 1) (5, 105) (4, 5) (7, 49) (2, 9) (7, 49) (4, 7)
21: (3, 1) (7, 49) (4, 5) (5, 105) (2, 9) (7, 49) (4, 7)
24: (3, 0) (2, 9) (7, 238) (4, 7)
25: (3, 0) (5, 62) (2, 9) (7, 238) (4, 7)
26: (3, 0) (2, 9) (7, 238) (4, 7)
27: (3, 0) (2, 9) (7, 238) (4, 7)
28: (3, 0) (2, 9) (7, 238) (4, 7)
29: (3, 0) (5, 103) (4, 5) (7, 49) (2, 9) (7, 238) (4, 7)
30: (3, 0) (7, 49) (4, 5) (5, 103) (2, 9) (7, 238) (4, 7)
33: (3, 1) (4, 12) (4, 13) (5, 290) (2, 9) (5, 61) (3, 1) (4, 12) (7, 52) (4, 13) (4, 14) (7, 49) (4, 5) (7, 50) (4, 5) (7, 51) (4, 5) (7, 53) (4, 15) (4, 7)
34: (3, 1) (4, 12) (4, 13) (5, 290) (2, 9) (5, 61) (3, 1) (4, 12) (4, 13) (4, 14) (7, 49) (4, 5) (7, 50) (4, 5) (7, 51) (4, 5) (7, 53) (4, 15) (4, 7)
35: (3, 1) (4, 12) (4, 13) (5, 290) (2, 9) (4, 14) (7, 49) (4, 5) (7, 50) (4, 5) (7, 51) (4, 5) (7, 53) (4, 15) (4, 7)
36: (5, 290) (4, 12) (7, 51) (4, 13) (2, 9) (5, 290) (4, 12) (7, 51) (4, 13) (2, 4) (7, 314) (4, 7)
37: (5, 111) (4, 1) (5, 290) (4, 2) (4, 7)
39: (3, 1) (4, 12) (4, 13) (5, 102) (2, 9) (5, 61) (3, 1) (4, 12) (7, 146) (4, 13) (4, 14) (7, 49) (4, 5) (7, 50) (4, 5) (7, 51) (4, 5) (7, 53) (4, 15) (4, 7)
41: (3, 0) (4, 12) (4, 13) (5, 283) (2, 9) (5, 61) (3, 0) (4, 12) (7, 52) (4, 13) (4, 14) (7, 238) (4, 5) (7, 206) (4, 5) (7, 174) (4, 5) (7, 110) (4, 15) (4, 7)
42: (3, 0) (4, 12) (4, 13) (5, 283) (2, 9) (5, 61) (3, 0) (4, 12) (4, 13) (4, 14) (7, 238) (4, 5) (7, 206) (4, 5) (7, 174) (4, 5) (7, 110) (4, 15) (4, 7)
43: (3, 0) (4, 12) (4, 13) (5, 283) (2, 9) (4, 14) (7, 238) (4, 5) (7, 206) (4, 5) (7, 174) (4, 5) (7, 110) (4, 15) (4, 7)
44: (5, 283) (4, 12) (7, 51) (4, 13) (2, 9) (5, 283) (4, 12) (7, 51) (4, 13) (2, 3) (7, 50) (4, 7)
45: (5, 111) (4, 1) (5, 283) (4, 2) (4, 7)
48: (6, 236) (2, 9) (7, 51) (4, 7)
49: (2, 9) (7, 51) (4, 7)
50: (2, 9) (7, 51) (4, 7)
51: (6, 236) (2, 9) (7, 51) (4, 7)
52: (2, 9) (7, 51) (4, 7)
54: (5, 268) (2, 9) (7, 51) (4, 7)
55: (2, 9) (7, 51) (4, 7)
56: (2, 9) (7, 51) (4, 7)
57: (5, 268) (2, 9) (7, 51) (4, 7)
58: (2, 9) (7, 51) (4, 7)
60: (3, 1) (6, 236) (2, 9) (7, 51) (4, 7)
61: (2, 9) (7, 51) (4, 7)
62: (3, 1) (2, 9) (7, 51) (4, 7)
63: (3, 1) (6, 236) (2, 9) (7, 51) (4, 7)
64: (3, 1) (2, 9) (7, 51) (4, 7)
66: (3, 1) (5, 268) (2, 9) (7, 51) (4, 7)
67: (2, 9) (7, 51) (4, 7)
68: (3, 1) (2, 9) (7, 51) (4, 7)
69: (3, 1) (5, 268) (2, 9) (7, 51) (4, 7)
70: (3, 1) (2, 9) (7, 51) (4, 7)
72: (5, 31) (3, 1) (6, 236) (2, 9) (7, 51) (4, 7)
73: (5, 31) (3, 1) (2, 9) (7, 51) (4, 7)
74: (5, 31) (3, 1) (2, 9) (7, 51) (4, 7)
75: (5, 31) (3, 1) (6, 236) (2, 9) (7, 51) (4, 7)
76: (5, 31) (3, 1) (2, 9) (7, 51) (4, 7)
78: (5, 31) (3, 1) (5, 268) (2, 9) (7, 51) (4, 7)
79: (5, 31) (3, 1) (2, 9) (7, 51) (4, 7)
80: (5, 31) (3, 1) (2, 9) (7, 51) (4, 7)
81: (5, 31) (3, 1) (5, 268) (2, 9) (7, 51) (4, 7)
82: (5, 31) (3, 1) (2, 9) (7, 51) (4, 7)
84: (3, 1) (6, 264) (2, 9) (7, 243) (4, 7)
85: (6, 264) (2, 9) (7, 314) (4, 7)
87: (3, 1) (5, 295) (2, 9) (7, 243) (4, 7)
90: (3, 1) (5, 39) (2, 9) (7, 49) (4, 7)
91: (3, 1) (3, 1) (2, 9) (7, 50) (4, 7)
92: (3, 1) (3, 0) (2, 9) (7, 206) (4, 7)
96: (3, 1) (5, 35) (2, 9) (7, 49) (4, 7)
97: (3, 1) (5, 35) (2, 9) (7, 51) (4, 7)
100: (3, 1) (5, 242) (2, 9) (7, 49) (4, 7) (3, 1)
101: (5, 244) (2, 9) (7, 51) (4, 7)
104: (3, 1) (5, 248) (2, 9) (7, 49) (4, 7) (3, 1) (5, 245) (2, 9) (7, 51) (4, 7)
107: (3, 1) (5, 304) (2, 9) (4, 7)
108: (3, 1) (5, 305) (2, 9) (7, 238) (4, 7)
109: (3, 1) (5, 306) (2, 9) (4, 7)
110: (3, 0) (5, 309) (2, 9) (4, 7)
111: (3, 0) (5, 310) (2, 9) (7, 49) (4, 7)
113: (3, 1) (4, 12) (4, 13) (5, 23) (2, 9) (5, 61) (3, 1) (4, 12) (7, 51) (4, 13) (4, 14) (7, 49) (4, 5) (7, 51) (4, 5) (7, 110) (4, 15) (4, 7)
114: (3, 1) (4, 12) (4, 13) (5, 23) (2, 9) (5, 61) (3, 1) (4, 12) (4, 13) (4, 14) (7, 49) (4, 5) (7, 51) (4, 5) (7, 110) (4, 15) (4, 7)
115: (3, 1) (4, 12) (4, 13) (5, 23) (2, 9) (4, 14) (7, 49) (4, 5) (7, 51) (4, 5) (7, 110) (4, 15) (4, 7)
116: (5, 111) (4, 1) (5, 23) (4, 2) (4, 7)
119: (3, 1) (5, 149) (2, 9) (7, 49) (4, 7)
120: (3, 1) (5, 150) (2, 9) (7, 49) (4, 7)
121: (3, 0) (5, 107) (2, 9) (7, 178) (4, 7)
123: (3, 1) (5, 67) (2, 9) (5, 149) (2, 4) (5, 150) (4, 7)
124: (3, 1) (5, 65) (2, 9) (5, 149) (2, 6) (5, 150) (4, 7)
125: (3, 1) (5, 160) (2, 9) (5, 149) (2, 3) (5, 150) (4, 7)
127: (3, 1) (5, 140) (2, 9) (5, 149) (2, 4) (5, 107) (4, 7)
128: (3, 1) (5, 78) (2, 9) (5, 149) (2, 6) (5, 107) (4, 7)
129: (3, 1) (5, 44) (2, 9) (5, 149) (2, 3) (5, 107) (4, 7)
139: (2, 0)
