9: (3, 1) (5, 82) (2, 9) (4, 7)
10: (3, 1) (5, 82) (2, 9) (7, 50)
11: (3, 1) (5, 84) (7, 51) (4, 7)
15: (3, 1) (2, 9) (7, 49) (4, 7)
16: (3, 1) (5, 68) (2, 9) (7, 49) (4, 7)
17: (3, 1) (2, 9) (7, 49) (4, 7)
18: (3, 1) (2, 9) (7, 49) (4, 7)
19: (3, 1) (2, 9) (7, 49) (4, 7)
20: (3, 1) (5, 105) (4, 5) (7, 49) (2, 9) (7, 49) (4, 7)
21: (3, 1) (7, 49) (4, 5) (5, 105) (2, 9) (7, 49) (4, 7)
24: (3, 0) (2, 9) (7, 153) (4, 7)
25: (3, 0) (5, 128) (2, 9) (7, 153) (4, 7)
26: (3, 0) (2, 9) (7, 153) (4, 7)
27: (3, 0) (2, 9) (7, 153) (4, 7)
28: (3, 0) (2, 9) (7, 153) (4, 7)
29: (3, 0) (5, 102) (4, 5) (7, 49) (2, 9) (7, 153) (4, 7)
30: (3, 0) (7, 49) (4, 5) (5, 102) (2, 9) (7, 153) (4, 7)
34: (3, 1) (5, 127) (4, 12) (7, 52) (4, 13) (4, 7)
35: (5, 127) (2, 9) (4, 12) (7, 49) (4, 5) (7, 50) (4, 5) (7, 51) (4, 5) (7, 53) (4, 13) (4, 7)
36: (3, 1) (5, 127) (4, 12) (4, 13) (4, 7)
37: (3, 1) (5, 127) (4, 7)
38: (5, 127) (4, 12) (7, 51) (4, 13) (2, 9) (5, 127) (4, 12) (7, 51) (4, 13) (2, 4) (7, 162) (4, 7)
40: (3, 1) (5, 127) (4, 12) (7, 106) (4, 13) (4, 7)
41: (5, 127) (2, 9) (4, 12) (7, 49) (4, 5) (7, 50) (4, 5) (7, 51) (4, 5) (7, 53) (4, 13) (4, 7)
42: (3, 0) (5, 120) (4, 12) (7, 52) (4, 13) (4, 7)
43: (5, 120) (2, 9) (4, 12) (7, 153) (4, 5) (7, 136) (4, 5) (7, 119) (4, 5) (7, 85) (4, 13) (4, 7)
44: (3, 0) (5, 120) (4, 12) (4, 13) (4, 7)
45: (3, 0) (5, 120) (4, 7)
48: (6, 108) (2, 9) (7, 51) (4, 7)
49: (5, 140) (2, 9) (7, 51) (4, 7)
50: (3, 1) (6, 108) (2, 9) (7, 51) (4, 7)
51: (3, 1) (2, 9) (7, 51) (4, 7)
52: (3, 1) (5, 140) (2, 9) (7, 51) (4, 7)
54: (3, 1) (6, 74) (2, 9) (7, 100) (4, 7)
55: (6, 74) (2, 9) (7, 162) (4, 7)
57: (3, 1) (5, 157) (2, 9) (7, 100) (4, 7)
60: (3, 1) (5, 19) (2, 9) (7, 49) (4, 7)
61: (3, 1) (3, 1) (2, 9) (7, 50) (4, 7)
62: (3, 1) (3, 0) (2, 9) (7, 136) (4, 7)
66: (3, 1) (5, 90) (2, 9) (7, 49) (4, 7)
67: (3, 1) (5, 90) (2, 9) (7, 51) (4, 7)
70: (3, 1) (5, 129) (2, 9) (7, 49) (4, 7) (3, 1)
71: (5, 130) (2, 9) (7, 51) (4, 7)
74: (3, 1) (5, 131) (2, 9) (7, 49) (4, 7) (3, 1) (5, 132) (2, 9) (7, 51) (4, 7)
77: (3, 1) (5, 28) (2, 9) (4, 7)
78: (3, 1) (5, 29) (2, 9) (7, 153) (4, 7)
79: (3, 1) (5, 30) (2, 9) (4, 7)
80: (3, 0) (5, 33) (2, 9) (4, 7)
81: (3, 0) (5, 34) (2, 9) (7, 49) (4, 7)
85: (3, 1) (5, 56) (2, 9) (7, 49) (4, 7)
86: (3, 1) (5, 57) (2, 9) (7, 49) (4, 7)
87: (3, 0) (5, 13) (2, 9) (7, 123) (4, 7)
89: (3, 1) (5, 95) (2, 9) (5, 56) (2, 4) (5, 57) (4, 7)
90: (3, 1) (5, 43) (2, 9) (5, 56) (2, 6) (5, 57) (4, 7)
91: (3, 1) (5, 104) (2, 9) (5, 56) (2, 3) (5, 57) (4, 7)
93: (3, 1) (5, 60) (2, 9) (5, 56) (2, 4) (5, 13) (4, 7)
94: (3, 1) (5, 78) (2, 9) (5, 56) (2, 6) (5, 13) (4, 7)
95: (3, 1) (5, 14) (2, 9) (5, 56) (2, 3) (5, 13) (4, 7)
105: (2, 0)
